100 285
100 25.5477 33.2502
99 77.6305 35.8752
98 90.914 24.1839
97 55.98 46.1545
96 51.8156 22.2922
95 34.7003 53.2489
94 40.3712 78.9385
93 98.6365 85.4204
92 6.28703 27.1533
91 58.4878 99.001
90 35.9005 9.22879
89 36.8305 74.623
88 27.8473 75.9682
87 45.5532 72.1218
86 35.1526 80.2401
85 39.0017 79.7101
84 60.6628 28.9605
83 61.5735 52.8146
82 11.961 17.0094
81 28.8444 64.7412
80 93.8849 54.1415
79 22.4244 35.1946
78 31.8297 7.85905
77 67.6791 62.1591
76 72.1849 28.6201
75 44.4447 29.717
74 22.231 41.7029
73 40.3485 69.4523
72 50.006 86.5633
71 47.9247 10.0126
70 24.1247 49.5344
69 76.1917 0.453379
68 98.0596 70.1042
67 57.7264 53.9081
66 26.4393 41.5976
65 88.6978 43.0523
64 90.6179 71.6219
63 14.176 25.3816
62 34.9674 99.8072
61 28.8697 70.5141
60 6.54426 84.823
59 85.9893 63.0505
58 11.2047 99.9277
57 18.1251 20.8749
56 65.7765 7.92935
55 64.9732 81.5114
54 35.1224 99.8363
53 56.7419 98.0514
52 96.1193 65.0371
51 19.6136 54.4511
50 98.6934 38.8857
49 93.4031 59.3341
48 82.7234 31.3347
47 91.3949 32.9182
46 24.2004 48.9496
45 90.3235 36.8426
44 94.525 64.3744
43 33.8136 58.4941
42 22.9342 80.176
41 26.74 95.3097
40 8.18416 56.9725
39 19.5334 59.3232
38 65.8511 93.7884
37 51.2247 55.2193
36 60.7099 37.562
35 75.9929 67.062
34 28.0868 70.4665
33 20.3298 8.85762
32 56.9775 50.9565
31 54.0184 64.778
30 93.9328 25.9061
29 47.4992 27.2491
28 37.7366 56.4835
27 87.6027 69.6759
26 67.9633 15.0975
25 31.9815 98.2327
24 77.4809 81.3267
23 66.0036 70.2546
22 31.4577 43.6784
21 42.658 50.0941
20 29.6934 64.6692
19 11.6756 75.0923
18 11.0957 88.4096
17 96.2459 1.20538
16 69.4994 22.8603
15 39.2896 89.9323
14 89.1081 59.3873
13 93.2664 34.0327
12 0.657788 57.3299
11 62.2059 21.0893
10 80.6502 14.0473
9 58.4649 21.6588
8 95.0854 15.356
7 13.2554 6.41665
6 35.1209 57.3345
5 75.0497 36.6274
4 18.759 99.0434
3 56.5489 0.176691
2 83.4817 33.5986
1 4.16303 45.4492
100 22 11.9865
99 76 9.07135
99 5 2.68818
98 8 9.76375
98 30 3.47546
97 83 8.69737
97 75 20.0812
97 21 13.8924
95 70 11.209
95 46 11.346
94 87 8.56274
94 89 5.58211
94 85 1.57192
93 50 46.5347
93 24 21.5481
93 64 15.9592
92 7 21.8762
92 82 11.6229
92 63 8.08547
91 93 42.3834
91 38 9.02157
90 71 12.0498
90 3 22.5455
90 29 21.4304
90 100 26.1574
90 78 4.2951
90 57 21.2508
89 73 6.25402
89 86 5.86234
89 61 8.95867
89 88 9.08334
88 34 5.50699
87 73 5.84931
87 89 9.0742
86 88 8.46263
86 42 12.2186
85 89 5.531
85 86 3.88537
84 11 8.02101
84 36 8.6017
84 29 13.2744
84 96 11.0788
83 32 4.95736
83 67 3.99946
83 77 11.1624
82 57 7.2758
82 7 10.6716
81 20 0.852004
81 43 7.98242
80 52 11.1224
80 65 12.2423
80 14 7.09477
79 100 3.67906
79 1 20.9437
79 63 12.8192
79 92 18.0299
78 3 25.8855
78 33 11.5431
78 57 18.9004
77 31 13.9095
77 67 12.9281
76 84 11.5271
76 36 14.5476
76 5 8.50428
75 22 19.0678
75 90 22.1984
75 100 19.2244
74 79 6.51114
73 28 13.2292
73 61 11.5279
73 20 11.6795
72 55 15.7968
72 87 15.1124
72 94 12.2869
71 3 13.0813
71 96 12.8813
70 46 0.589731
70 51 6.67257
70 43 13.1967
69 17 20.0684
68 50 31.2249
68 64 7.59497
68 93 15.3271
67 31 11.4849
67 32 3.04506
67 37 6.63267
66 74 4.20959
66 46 7.68529
66 22 5.4327
66 100 8.39495
66 79 7.55766
65 45 6.41904
65 99 13.1908
65 5 15.0848
65 77 28.4052
64 52 8.58048
64 44 8.23362
63 100 13.8286
63 57 5.99218
63 82 8.66023
62 15 10.7794
62 25 3.3756
62 4 16.2264
61 20 5.90268
61 88 5.54913
61 81 5.77295
61 34 0.784336
60 58 15.8073
60 18 5.79482
60 19 11.0008
60 12 28.1162
59 77 18.3318
59 35 10.7712
58 54 23.9179
58 4 7.60585
57 33 12.2178
57 100 14.4307
56 69 12.8205
56 11 13.6357
56 26 7.49425
56 3 12.0521
56 71 17.9729
55 23 11.3038
55 31 20.0004
55 87 21.5709
54 91 23.3803
54 53 21.6931
54 15 10.745
54 62 0.157671
54 4 16.3826
53 91 1.98741
53 72 13.3172
53 15 19.2484
52 68 5.42583
52 50 26.2778
51 74 13.0141
51 40 11.7042
50 17 37.7597
50 80 15.9957
50 8 23.8047
50 30 13.8251
50 65 10.8293
50 45 8.61567
49 52 6.31679
49 80 5.21494
49 14 4.2954
49 44 5.16363
48 98 10.8729
48 10 17.4112
48 76 10.8825
48 99 6.82305
48 2 2.38757
47 30 7.45734
47 2 7.94232
47 98 8.74761
47 48 8.81484
46 74 7.50956
46 51 7.16276
45 47 4.06793
44 52 1.72649
44 27 8.71918
44 59 8.63783
44 14 7.36311
43 95 5.31965
43 20 7.42345
43 73 12.7588
43 39 14.3043
43 51 14.7644
42 88 6.46877
42 34 10.9921
42 19 12.3531
42 18 14.4201
41 25 6.00147
41 86 17.2587
41 42 15.6048
41 18 17.0983
39 81 10.7727
39 51 4.87279
39 40 11.5901
39 19 17.6184
38 93 33.8365
38 24 17.0455
38 53 10.0574
38 55 12.3084
38 72 17.4146
37 97 10.2365
37 73 17.9128
37 21 9.98276
37 28 13.5472
36 83 15.277
36 97 9.80826
36 75 18.0584
35 77 9.6518
35 23 10.4871
35 24 14.342
34 81 5.77515
34 39 14.0475
34 19 17.0507
33 7 7.4837
33 82 11.6829
32 97 4.90456
32 37 7.16009
31 23 13.1772
31 87 11.2068
31 37 9.95855
31 73 14.447
30 8 10.6128
29 96 6.57283
29 71 17.2418
29 75 3.92694
29 36 16.7595
28 21 8.06504
28 95 4.43642
28 43 4.40821
27 64 3.58866
27 59 6.81898
27 35 11.9004
26 11 8.30959
26 16 7.91332
25 15 11.0591
24 64 16.3328
24 27 15.4335
24 55 12.509
24 23 15.9474
23 77 8.26702
22 95 10.1049
22 46 8.9696
21 75 20.4553
21 22 12.9076
21 95 8.56023
19 40 18.4531
19 12 20.902
18 4 13.1073
18 19 13.33
18 58 11.5186
16 76 6.35516
16 84 10.7377
16 11 7.50547
15 72 11.2335
15 94 11.0469
15 85 10.2263
15 86 10.5382
15 41 13.6532
14 59 4.81105
14 65 16.3401
14 77 21.6075
13 30 8.15388
13 47 2.17823
13 45 4.06893
13 50 7.28042
12 40 7.53485
12 92 30.6971
10 8 14.4944
10 17 20.2025
10 98 14.4256
10 76 16.8531
10 16 14.2129
10 26 12.7303
10 69 14.3064
10 56 16.0827
9 11 3.78404
9 56 15.555
9 71 15.7077
9 96 6.67942
9 84 7.62527
8 17 14.1981
7 3 43.7409
7 78 18.6302
6 95 4.1072
6 43 1.7475
6 28 2.75063
5 77 26.5744
5 83 21.0626
5 36 14.3702
4 25 13.2474
4 41 8.81121
3 69 19.6447
2 45 7.5719
2 65 10.7972
2 99 6.27849
1 74 18.4523
1 51 17.8816
1 40 12.2047
1 92 18.4188
1 12 12.3869
