100 -1
1 841 397
2 447 354
3 887 319
4 585 16
5 384 160
6 59 692
7 164 900
8 534 160
9 583 605
10 391 270
11 743 294
12 76 299
13 858 405
14 663 942
15 3 847
16 533 463
17 266 788
18 307 983
19 609 601
20 886 213
21 152 305
22 388 338
23 754 644
24 532 604
25 653 460
26 947 328
27 944 369
28 517 8
29 25 273
30 205 592
31 60 878
32 303 261
33 499 892
34 287 711
35 676 865
36 960 459
37 377 775
38 355 229
39 670 301
40 566 719
41 391 825
42 845 819
43 944 181
44 521 425
45 914 66
46 762 883
47 689 399
48 406 762
49 485 126
50 874 223
51 2 529
52 19 861
53 243 815
54 966 315
55 810 936
56 221 493
57 290 577
58 262 322
59 2 174
60 242 45
61 702 416
62 504 222
63 394 68
64 219 480
65 917 220
66 193 351
67 634 212
68 784 54
69 445 31
70 933 177
71 473 910
72 696 872
73 456 931
74 894 399
75 839 694
76 652 740
77 578 679
78 936 274
79 48 662
80 619 374
81 378 149
82 26 645
83 78 842
84 256 743
85 378 902
86 212 320
87 252 649
88 251 229
89 137 944
90 549 271
91 866 325
92 681 297
93 877 834
94 74 650
95 254 899
96 842 612
97 373 833
98 110 758
99 560 851
100 344 858
