200 -1
1 211 266
2 82 105
3 565 557
4 936 151
5 586 119
6 411 631
7 433 817
8 731 499
9 195 439
10 599 536
11 43 734
12 772 131
13 752 607
14 126 100
15 235 833
16 344 562
17 853 422
18 858 147
19 536 88
20 951 494
21 702 640
22 369 980
23 718 306
24 605 335
25 196 874
26 220 747
27 759 554
28 476 707
29 433 812
30 990 150
31 451 360
32 371 968
33 785 457
34 466 193
35 983 673
36 351 675
37 31 122
38 753 826
39 832 610
40 831 751
41 940 172
42 11 201
43 213 825
44 642 61
45 910 131
46 133 480
47 157 907
48 901 37
49 894 595
50 2 45
51 993 641
52 983 986
53 939 557
54 833 269
55 664 74
56 541 690
57 84 162
58 771 952
59 830 284
60 313 988
61 248 609
62 94 918
63 147 485
64 406 74
65 998 924
66 334 267
67 478 582
68 844 353
69 778 569
70 132 240
71 25 569
72 454 839
73 245 413
74 913 697
75 561 253
76 541 228
77 863 428
78 290 750
79 964 603
80 428 1000
81 789 554
82 673 204
83 286 663
84 631 106
85 402 609
86 722 42
87 417 382
88 337 67
89 510 761
90 131 369
91 222 871
92 913 601
93 419 43
94 714 899
95 710 620
96 344 226
97 527 639
98 957 280
99 394 904
100 886 607
101 69 161
102 946 299
103 510 171
104 702 837
105 954 958
106 112 275
107 166 517
108 957 244
109 373 569
110 305 774
111 817 428
112 623 734
113 13 785
114 529 91
115 677 877
116 271 215
117 253 441
118 61 820
119 825 487
120 245 95
121 686 963
122 809 257
123 781 925
124 902 438
125 660 927
126 493 271
127 271 936
128 68 887
129 328 332
130 618 770
131 769 361
132 450 108
133 837 103
134 309 869
135 133 355
136 521 123
137 912 348
138 758 398
139 329 495
140 302 541
141 33 242
142 420 435
143 797 881
144 548 460
145 845 23
146 118 150
147 500 427
148 77 449
149 207 458
150 918 349
151 47 436
152 357 870
153 514 339
154 946 758
155 608 283
156 28 514
157 531 992
158 338 288
159 497 456
160 723 398
161 5 542
162 174 205
163 412 473
164 412 395
165 738 683
166 522 390
167 330 241
168 504 261
169 654 988
170 731 647
171 956 201
172 117 543
173 611 411
174 686 313
175 448 243
176 245 789
177 370 438
178 63 274
179 866 697
180 37 460
181 179 541
182 510 854
183 410 919
184 29 965
185 894 971
186 315 932
187 75 891
188 992 266
189 405 654
190 334 96
191 757 976
192 963 566
193 435 925
194 878 579
195 222 507
196 192 725
197 426 109
198 800 246
199 599 113
200 943 152
