300 -1
1 434 753
2 847 192
3 25 990
4 446 809
5 53 672
6 21 849
7 440 665
8 391 504
9 212 211
10 156 892
11 783 437
12 962 393
13 29 578
14 149 697
15 473 210
16 87 989
17 47 576
18 40 989
19 140 381
20 623 264
21 610 820
22 421 149
23 203 783
24 100 414
25 339 67
26 555 688
27 607 417
28 590 347
29 797 613
30 985 835
31 954 700
32 139 960
33 454 464
34 67 890
35 358 241
36 102 90
37 471 10
38 162 248
39 361 136
40 697 917
41 685 196
42 209 760
43 156 639
44 283 541
45 387 810
46 994 417
47 188 623
48 190 346
49 156 324
50 735 172
51 909 639
52 400 797
53 44 902
54 516 81
55 119 538
56 30 287
57 867 580
58 718 856
59 842 548
60 350 708
61 248 350
62 811 326
63 127 430
64 22 494
65 282 866
66 806 312
67 533 837
68 373 966
69 409 725
70 200 853
71 289 272
72 724 974
73 155 876
74 486 804
75 288 110
76 290 962
77 869 490
78 142 340
79 159 8
80 675 812
81 514 756
82 576 6
83 598 618
84 758 22
85 833 473
86 668 576
87 61 971
88 635 51
89 970 947
90 383 110
91 672 46
92 331 935
93 673 694
94 453 312
95 919 33
96 212 630
97 794 645
98 254 468
99 282 549
100 334 856
101 681 109
102 829 22
103 481 579
104 554 622
105 415 512
106 462 85
107 395 253
108 827 12
109 562 28
110 345 16
111 59 650
112 971 290
113 291 571
114 641 519
115 354 693
116 179 797
117 215 266
118 695 587
119 137 866
120 645 708
121 310 429
122 228 18
123 580 922
124 17 164
125 608 298
126 97 152
127 473 958
128 818 950
129 145 246
130 612 956
131 29 251
132 565 429
133 796 956
134 454 558
135 548 21
136 115 107
137 260 109
138 956 874
139 913 847
140 659 871
141 383 453
142 887 8
143 480 825
144 870 622
145 469 720
146 894 713
147 401 660
148 941 756
149 976 779
150 461 296
151 767 799
152 633 722
153 236 557
154 560 32
155 303 416
156 10 657
157 438 732
158 193 286
159 467 507
160 220 920
161 139 923
162 655 301
163 968 617
164 548 216
165 984 143
166 670 831
167 685 747
168 980 867
169 175 538
170 514 560
171 886 809
172 685 707
173 425 68
174 864 583
175 479 591
176 145 41
177 832 587
178 378 38
179 734 557
180 137 43
181 108 980
182 973 360
183 543 987
184 437 39
185 100 381
186 321 520
187 851 875
188 868 97
189 361 253
190 369 41
191 283 752
192 301 465
193 851 47
194 553 557
195 388 65
196 307 474
197 473 471
198 983 160
199 154 69
200 419 672
201 264 901
202 38 811
203 605 204
204 392 106
205 543 344
206 723 648
207 368 825
208 411 874
209 213 419
210 656 111
211 76 733
212 949 304
213 710 272
214 731 413
215 330 392
216 838 353
217 808 960
218 344 47
219 767 893
220 184 139
221 601 835
222 589 702
223 425 699
224 937 802
225 501 661
226 938 148
227 245 956
228 309 292
229 21 748
230 788 433
231 15 689
232 706 19
233 440 150
234 667 973
235 493 499
236 564 739
237 199 73
238 50 939
239 761 517
240 243 497
241 997 6
242 507 685
243 75 171
244 163 913
245 141 705
246 326 816
247 627 76
248 485 622
249 637 107
250 855 910
251 638 690
252 922 204
253 879 438
254 567 818
255 189 704
256 742 517
257 573 285
258 220 961
259 991 38
260 605 954
261 690 131
262 586 987
263 106 175
264 663 769
265 858 955
266 904 738
267 244 78
268 242 291
269 552 767
270 602 463
271 864 306
272 538 540
273 861 614
274 866 870
275 755 60
276 947 464
277 424 438
278 290 664
279 169 797
280 76 833
281 290 379
282 231 917
283 863 750
284 2 531
285 127 538
286 427 772
287 582 140
288 51 897
289 188 974
290 156 694
291 647 145
292 231 548
293 878 708
294 463 732
295 276 693
296 466 39
297 597 823
298 1000 41
299 211 993
300 929 629
